新闻ID:::{"domainid":新闻领域，"img":题图，"title":标题，"text":内容，...}

用户ID:用户阅读的新闻ID:阅读时间:...:用户没有阅读的新闻ID

tensor([[-0.0525,  0.3177, -0.1810,  ...,  0.3010,  0.0578,  0.2316],
        [-0.0319, -0.1104,  0.0187,  ..., -0.1613, -0.0502, -0.0066],
        [-0.0724,  0.0826,  0.1210,  ...,  0.0096, -0.0154, -0.1746],
        ...,
        [ 0.2827,  0.0987, -0.1237,  ...,  0.0765, -0.0261,  0.0674],
        [ 0.1074,  0.0893, -0.0245,  ...,  0.2852, -0.0793, -0.2196],
        [ 0.2871,  0.2238,  0.1172,  ...,  0.1537, -0.3110,  0.1496]],
       grad_fn=<ThSubBackward>)