MLVR : 13spliter:
[ 1.13496476e-01  1.13496476e-01  1.59718385e+00  3.61461506e+00
  6.13801438e-01  1.13496476e-01  1.13496476e-01  2.35496768e-01
  1.13496476e-01  1.13496476e-01  7.99582764e-01  1.18806880e+00
  5.30847024e-01  1.13496476e-01  4.54554754e-01  5.70644064e-01
  1.13496476e-01  1.80803956e-01  7.24245601e-02  2.53981437e-01
  1.86162586e-01  1.54186775e-01  4.56549302e-01  1.46767831e+01
  1.13496476e-01  1.13496476e-01  9.66009632e+00  3.03934498e-01
  8.43188668e-01  1.13496476e-01  7.40509543e-01  1.13496476e-01
  1.13496476e-01  3.82275584e+00  4.56549302e-01  1.13496476e-01
  7.33542217e-01 -1.19698115e-01 -2.35386070e-01  1.13496476e-01
  1.13496476e-01  5.16265183e+00  1.13496476e-01  8.21396414e-01
  1.13496476e-01  1.13496476e-01  3.61445924e+00  1.51855968e+00
  1.13496476e-01 -3.49361579e-02  1.13496476e-01  1.13496476e-01
  1.13496476e-01  1.13496476e-01  4.19865976e+00  4.84700692e-01
  1.13069338e+01  2.47345748e+00  1.13496476e-01  1.13496476e-01
  1.13496476e-01  3.22950819e+00  1.13496476e-01  1.13496476e-01
  1.13496476e-01  1.14777116e-01  1.38438315e+00  5.18821462e-02
  4.56549302e-01  5.32023313e-01  3.19878967e-01  1.13496476e-01
  1.13496476e-01  3.13272736e-02  1.13496476e-01  1.14446525e+00
  1.13496476e-01  1.14137426e-01  2.14122128e+00  1.13496476e-01
  1.13496476e-01  1.13496476e-01  1.07504283e-02  1.13496476e-01
  3.80205386e-01  1.13496476e-01  6.73501443e-02  1.13496476e-01
  1.13496476e-01  1.13496476e-01  2.26950288e-01  1.28441437e+01
  1.13496476e-01  1.02680374e+00  2.49211469e+00  1.13496476e-01
  1.13496476e-01  1.13496476e-01  1.02650042e+00  2.26950288e-01
  1.13496476e-01  1.13496476e-01 -2.31233754e-01  2.48133019e-01
  6.37973988e+00  1.13496476e-01  1.13496476e-01  1.13496476e-01
  2.20858974e-01  1.19370926e+00  1.14777116e-01  1.13496476e-01
  1.42430606e+00  2.44504576e+00  1.13496476e-01  5.73363555e+00
  1.14137426e-01  1.13496476e-01  1.13496476e-01  1.13496476e-01
  1.14137426e-01  1.13496476e-01  9.29613109e-02  1.13496476e-01
  1.13496476e-01  1.13496476e-01  1.13496476e-01  1.13496476e-01
  6.83466958e-01  5.90671396e-01  1.13496476e-01  1.53160861e+00
  2.98261970e+00  5.23856782e-01  2.52108942e+00  1.14137426e-01
  1.13496476e-01  1.13496476e-01  1.01487249e+00]

  RMSE:[3.3672548070438664, 3.1495961228512956, 3.176283764275865, 3.2083950838782345

